CODE    SEGMENT  PUBLIC
(2,1)(2,2)(2,18)
MAIN    PROC     FAR
(5,93)(2,3)(2,19)
        ASSUME   CS:CODE
(2,5)(3,18)(4,8)(2,1)
MSG     BYTE     'Green'
(5,31)(2,14)(4,13)(7,97)(4,13)
        BYTE     'Green'
(2,14)(4,13)(7,97)(4,13)
        BYTE     'Grass'
(2,14)(4,13)(7,12)(4,13)
        BYTE     'Home'
(2,14)(4,13)(7,93)(4,13)
LF      BYTE     0AH, 0DH, '$'
(5,46)(2,14)(6,85)(4,3)(6,88)(4,3)(4,13)(7,36)(4,13)
        MOV      AX,WORD PTR MSG
(1,109)(3,3)(4,3)(2,13)(2,15)(5,31)
        MOV      DS,AX
(1,109)(3,20)(4,3)(3,3)
        MOV      DX,WORD PTR MSG
(1,109)(3,12)(4,3)(2,13)(2,15)(5,31)
        MOV      AH,4CH
(1,109)(3,1)(4,3)(6,91)
        INT      21H
(1,47)(6,71)
MAIN    ENDP
(5,93)(2,10)
CODE    ENDS
(2,1)(2,11)
        END      MAIN
(2,12)(5,93)
